1.400000000000000000e+03
1.200000000000000000e+01
1.150000000000000000e+02
0.000000000000000000e+00
2.900000000000000000e+01
8.800000000000000000e+01
2.580000000000000000e+02
4.100000000000000000e+02
0.000000000000000000e+00
2.890000000000000000e+02
4.000000000000000000e+00
3.950000000000000000e+02
2.200000000000000000e+01
9.300000000000000000e+01
1.000000000000000000e+01
1.000000000000000000e+00
1.445000000000000000e+03
6.580000000000000000e+02
0.000000000000000000e+00
1.400000000000000000e+01
1.000000000000000000e+00
5.000000000000000000e+00
1.330000000000000000e+02
9.600000000000000000e+01
2.300000000000000000e+01
3.000000000000000000e+00
0.000000000000000000e+00
2.400000000000000000e+01
5.300000000000000000e+01
2.000000000000000000e+00
2.200000000000000000e+01
5.500000000000000000e+01
3.000000000000000000e+00
2.300000000000000000e+01
1.000000000000000000e+01
3.250000000000000000e+02
1.000000000000000000e+01
1.720000000000000000e+02
3.440000000000000000e+02
1.150000000000000000e+02
2.420000000000000000e+02
0.000000000000000000e+00
5.500000000000000000e+01
5.000000000000000000e+00
3.700000000000000000e+01
1.000000000000000000e+00
3.100000000000000000e+01
1.990000000000000000e+02
9.000000000000000000e+00
2.700000000000000000e+01
2.650000000000000000e+02
1.470000000000000000e+02
1.300000000000000000e+01
6.100000000000000000e+01
8.100000000000000000e+02
2.070000000000000000e+02
6.930000000000000000e+02
6.000000000000000000e+00
1.200000000000000000e+01
0.000000000000000000e+00
1.200000000000000000e+01
6.000000000000000000e+00
2.400000000000000000e+01
1.000000000000000000e+00
2.700000000000000000e+02
9.000000000000000000e+00
1.320000000000000000e+02
3.410000000000000000e+02
1.640000000000000000e+02
3.460000000000000000e+02
1.400000000000000000e+01
1.500000000000000000e+01
4.400000000000000000e+01
2.400000000000000000e+02
4.360000000000000000e+02
8.500000000000000000e+01
5.000000000000000000e+00
4.270000000000000000e+02
1.700000000000000000e+01
9.400000000000000000e+01
1.460000000000000000e+02
2.020000000000000000e+02
3.500000000000000000e+01
1.000000000000000000e+00
1.116000000000000000e+03
1.600000000000000000e+01
6.200000000000000000e+01
5.000000000000000000e+01
4.200000000000000000e+01
0.000000000000000000e+00
1.000000000000000000e+00
9.800000000000000000e+01
5.000000000000000000e+01
1.774000000000000000e+03
2.130000000000000000e+02
3.990000000000000000e+02
1.100000000000000000e+01
4.080000000000000000e+02
4.400000000000000000e+01
1.100000000000000000e+01
4.160000000000000000e+02
0.000000000000000000e+00
1.510000000000000000e+02
5.100000000000000000e+01
3.070000000000000000e+02
3.200000000000000000e+01
1.000000000000000000e+00
2.320000000000000000e+02
1.000000000000000000e+00
9.650000000000000000e+02
3.500000000000000000e+01
1.465000000000000000e+03
3.890000000000000000e+02
7.000000000000000000e+01
2.000000000000000000e+00
1.900000000000000000e+01
4.170000000000000000e+02
2.000000000000000000e+00
9.200000000000000000e+01
1.690000000000000000e+02
2.600000000000000000e+02
1.400000000000000000e+01
1.317000000000000000e+03
3.060000000000000000e+02
2.240000000000000000e+02
2.200000000000000000e+01
1.300000000000000000e+01
1.800000000000000000e+01
4.000000000000000000e+00
1.500000000000000000e+01
1.210000000000000000e+02
1.279000000000000000e+03
1.400000000000000000e+01
1.339000000000000000e+03
1.500000000000000000e+01
3.100000000000000000e+01
7.200000000000000000e+01
1.560000000000000000e+02
1.000000000000000000e+00
1.200000000000000000e+01
2.800000000000000000e+02
5.000000000000000000e+01
1.000000000000000000e+00
0.000000000000000000e+00
5.000000000000000000e+00
7.600000000000000000e+01
6.100000000000000000e+01
1.590000000000000000e+02
6.880000000000000000e+02
2.160000000000000000e+02
6.400000000000000000e+01
1.280000000000000000e+02
4.300000000000000000e+01
1.300000000000000000e+02
1.000000000000000000e+00
5.440000000000000000e+02
5.500000000000000000e+01
4.260000000000000000e+02
0.000000000000000000e+00
9.100000000000000000e+02
1.200000000000000000e+01
2.840000000000000000e+02
2.030000000000000000e+02
1.480000000000000000e+02
1.984000000000000000e+03
1.000000000000000000e+01
3.000000000000000000e+00
2.000000000000000000e+00
2.120000000000000000e+02
1.090000000000000000e+02
2.000000000000000000e+01
1.000000000000000000e+01
5.000000000000000000e+00
1.600000000000000000e+01
1.300000000000000000e+01
4.820000000000000000e+02
1.010000000000000000e+02
1.090000000000000000e+02
3.400000000000000000e+02
3.000000000000000000e+00
3.920000000000000000e+02
1.430000000000000000e+02
9.000000000000000000e+01
1.000000000000000000e+01
3.400000000000000000e+02
1.180000000000000000e+02
1.500000000000000000e+01
1.000000000000000000e+00
1.900000000000000000e+01
5.200000000000000000e+02
1.503000000000000000e+03
5.500000000000000000e+01
1.600000000000000000e+01
1.300000000000000000e+01
2.380000000000000000e+02
1.030000000000000000e+02
0.000000000000000000e+00
5.560000000000000000e+02
3.780000000000000000e+02
2.880000000000000000e+02
8.300000000000000000e+01
8.000000000000000000e+00
1.000000000000000000e+02
1.340000000000000000e+02
5.140000000000000000e+02
7.630000000000000000e+02
4.300000000000000000e+01
2.800000000000000000e+01
2.500000000000000000e+01
7.000000000000000000e+00
4.100000000000000000e+01
1.500000000000000000e+01
9.300000000000000000e+01
4.100000000000000000e+02
1.800000000000000000e+01
1.420000000000000000e+02
6.000000000000000000e+00
2.000000000000000000e+00
0.000000000000000000e+00
1.920000000000000000e+02
9.000000000000000000e+01
1.000000000000000000e+01
3.600000000000000000e+01
3.000000000000000000e+00
1.100000000000000000e+01
1.000000000000000000e+01
4.330000000000000000e+02
1.370000000000000000e+02
1.000000000000000000e+00
1.800000000000000000e+01
1.200000000000000000e+01
5.800000000000000000e+01
4.590000000000000000e+02
3.050000000000000000e+02
1.000000000000000000e+00
2.000000000000000000e+00
3.100000000000000000e+01
2.260000000000000000e+02
9.210000000000000000e+02
1.000000000000000000e+00
2.290000000000000000e+02
8.090000000000000000e+02
2.380000000000000000e+02
1.000000000000000000e+01
1.700000000000000000e+01
0.000000000000000000e+00
2.000000000000000000e+00
2.930000000000000000e+02
2.190000000000000000e+02
3.000000000000000000e+00
2.700000000000000000e+01
1.000000000000000000e+00
1.600000000000000000e+01
3.000000000000000000e+00
1.440000000000000000e+02
2.890000000000000000e+02
3.000000000000000000e+00
8.950000000000000000e+02
1.570000000000000000e+02
7.000000000000000000e+00
2.800000000000000000e+01
7.190000000000000000e+02
5.580000000000000000e+02
2.700000000000000000e+01
7.620000000000000000e+02
3.400000000000000000e+01
5.000000000000000000e+01
1.460000000000000000e+02
2.900000000000000000e+01
5.800000000000000000e+01
3.640000000000000000e+02
3.020000000000000000e+02
4.000000000000000000e+00
1.347000000000000000e+03
1.060000000000000000e+02
7.900000000000000000e+01
8.000000000000000000e+00
8.000000000000000000e+00
7.000000000000000000e+00
1.625000000000000000e+03
9.000000000000000000e+00
1.600000000000000000e+01
3.390000000000000000e+02
1.500000000000000000e+01
7.800000000000000000e+01
3.510000000000000000e+02
1.220000000000000000e+02
5.000000000000000000e+00
1.370000000000000000e+02
3.800000000000000000e+01
1.240000000000000000e+02
0.000000000000000000e+00
8.400000000000000000e+01
2.400000000000000000e+01
2.000000000000000000e+00
2.640000000000000000e+02
2.000000000000000000e+00
1.218000000000000000e+03
1.000000000000000000e+00
7.900000000000000000e+01
4.870000000000000000e+02
2.000000000000000000e+00
1.800000000000000000e+01
0.000000000000000000e+00
2.020000000000000000e+02
8.000000000000000000e+00
4.000000000000000000e+00
1.000000000000000000e+00
0.000000000000000000e+00
2.125000000000000000e+03
6.400000000000000000e+01
1.077000000000000000e+03
0.000000000000000000e+00
5.840000000000000000e+02
2.600000000000000000e+01
2.930000000000000000e+02
0.000000000000000000e+00
1.920000000000000000e+02
0.000000000000000000e+00
1.100000000000000000e+01
2.440000000000000000e+02
8.850000000000000000e+02
0.000000000000000000e+00
6.600000000000000000e+01
2.000000000000000000e+00
7.770000000000000000e+02
2.300000000000000000e+01
1.350000000000000000e+02
3.900000000000000000e+01
1.700000000000000000e+01
6.100000000000000000e+01
4.100000000000000000e+01
3.000000000000000000e+02
4.000000000000000000e+00
4.520000000000000000e+02
1.940000000000000000e+02
1.470000000000000000e+02
3.520000000000000000e+02
9.600000000000000000e+01
3.500000000000000000e+01
3.700000000000000000e+01
6.900000000000000000e+01
6.290000000000000000e+02
0.000000000000000000e+00
1.110000000000000000e+02
7.600000000000000000e+01
1.640000000000000000e+02
3.220000000000000000e+02
1.400000000000000000e+01
8.380000000000000000e+02
5.880000000000000000e+02
7.400000000000000000e+01
5.680000000000000000e+02
9.460000000000000000e+02
4.500000000000000000e+01
3.130000000000000000e+02
0.000000000000000000e+00
2.300000000000000000e+01
1.600000000000000000e+01
4.260000000000000000e+02
7.000000000000000000e+00
1.283000000000000000e+03
9.200000000000000000e+01
2.120000000000000000e+02
3.300000000000000000e+01
4.000000000000000000e+01
7.000000000000000000e+00
0.000000000000000000e+00
7.240000000000000000e+02
1.000000000000000000e+00
9.100000000000000000e+01
4.760000000000000000e+02
3.000000000000000000e+00
0.000000000000000000e+00
5.180000000000000000e+02
1.980000000000000000e+02
8.000000000000000000e+00
1.000000000000000000e+00
2.200000000000000000e+01
3.300000000000000000e+01
0.000000000000000000e+00
5.240000000000000000e+02
5.790000000000000000e+02
6.600000000000000000e+01
3.000000000000000000e+00
2.160000000000000000e+02
1.000000000000000000e+00
6.400000000000000000e+01
7.700000000000000000e+01
8.870000000000000000e+02
3.120000000000000000e+02
1.050000000000000000e+02
2.810000000000000000e+02
4.220000000000000000e+02
5.640000000000000000e+02
4.000000000000000000e+01
4.790000000000000000e+02
6.000000000000000000e+00
3.000000000000000000e+00
6.000000000000000000e+01
4.000000000000000000e+00
5.150000000000000000e+02
4.830000000000000000e+02
1.150000000000000000e+02
9.000000000000000000e+00
3.150000000000000000e+02
1.680000000000000000e+02
9.350000000000000000e+02
1.500000000000000000e+03
1.522000000000000000e+03
2.580000000000000000e+02
3.300000000000000000e+01
3.200000000000000000e+01
4.000000000000000000e+00
1.300000000000000000e+01
7.000000000000000000e+00
2.350000000000000000e+02
1.400000000000000000e+02
3.000000000000000000e+00
7.100000000000000000e+01
2.100000000000000000e+01
5.500000000000000000e+01
0.000000000000000000e+00
1.000000000000000000e+00
9.000000000000000000e+00
4.600000000000000000e+01
2.630000000000000000e+02
4.000000000000000000e+00
7.400000000000000000e+01
5.400000000000000000e+01
1.020000000000000000e+02
4.100000000000000000e+01
2.700000000000000000e+01
7.000000000000000000e+00
7.780000000000000000e+02
7.600000000000000000e+01
1.680000000000000000e+02
1.769000000000000000e+03
1.197000000000000000e+03
1.670000000000000000e+02
2.000000000000000000e+01
7.300000000000000000e+01
1.322000000000000000e+03
2.000000000000000000e+00
1.000000000000000000e+00
8.500000000000000000e+01
1.128000000000000000e+03
8.100000000000000000e+01
3.600000000000000000e+01
3.250000000000000000e+02
2.330000000000000000e+02
1.324000000000000000e+03
3.920000000000000000e+02
1.340000000000000000e+02
5.000000000000000000e+00
8.000000000000000000e+01
0.000000000000000000e+00
8.000000000000000000e+00
6.000000000000000000e+00
1.000000000000000000e+00
7.340000000000000000e+02
2.000000000000000000e+00
2.310000000000000000e+02
0.000000000000000000e+00
1.850000000000000000e+02
3.150000000000000000e+02
5.800000000000000000e+01
4.130000000000000000e+02
1.450000000000000000e+02
5.300000000000000000e+01
2.390000000000000000e+02
8.200000000000000000e+01
3.310000000000000000e+02
5.000000000000000000e+00
