2.196000000000000000e+03
1.060000000000000000e+02
2.000000000000000000e+01
1.700000000000000000e+01
1.630000000000000000e+02
4.000000000000000000e+01
0.000000000000000000e+00
3.200000000000000000e+01
1.124000000000000000e+03
6.400000000000000000e+02
3.400000000000000000e+01
3.000000000000000000e+01
4.000000000000000000e+00
3.380000000000000000e+03
7.000000000000000000e+01
6.900000000000000000e+01
1.015000000000000000e+03
2.160000000000000000e+02
3.900000000000000000e+02
1.000000000000000000e+00
9.800000000000000000e+01
5.300000000000000000e+01
3.070000000000000000e+02
9.700000000000000000e+01
1.435000000000000000e+03
3.000000000000000000e+01
8.000000000000000000e+00
4.000000000000000000e+00
9.000000000000000000e+00
3.160000000000000000e+02
5.200000000000000000e+01
4.970000000000000000e+02
1.000000000000000000e+00
7.000000000000000000e+00
2.090000000000000000e+02
1.720000000000000000e+02
7.700000000000000000e+01
2.400000000000000000e+01
2.800000000000000000e+01
3.880000000000000000e+02
1.210000000000000000e+02
1.600000000000000000e+01
2.000000000000000000e+01
1.644000000000000000e+03
3.000000000000000000e+00
1.100000000000000000e+01
1.180000000000000000e+02
8.000000000000000000e+00
3.500000000000000000e+01
1.000000000000000000e+00
8.000000000000000000e+00
3.870000000000000000e+02
2.320000000000000000e+02
5.400000000000000000e+01
2.470000000000000000e+02
1.000000000000000000e+00
1.670000000000000000e+02
0.000000000000000000e+00
1.000000000000000000e+02
1.770000000000000000e+02
1.000000000000000000e+00
6.940000000000000000e+02
6.320000000000000000e+02
1.430000000000000000e+02
0.000000000000000000e+00
4.000000000000000000e+01
0.000000000000000000e+00
0.000000000000000000e+00
4.460000000000000000e+02
2.300000000000000000e+01
3.810000000000000000e+02
1.080000000000000000e+02
5.030000000000000000e+02
0.000000000000000000e+00
2.080000000000000000e+02
8.100000000000000000e+01
4.200000000000000000e+02
4.400000000000000000e+01
0.000000000000000000e+00
8.800000000000000000e+01
2.640000000000000000e+02
9.500000000000000000e+01
4.330000000000000000e+02
3.100000000000000000e+01
2.080000000000000000e+02
0.000000000000000000e+00
1.900000000000000000e+01
2.810000000000000000e+02
2.620000000000000000e+02
5.800000000000000000e+01
3.760000000000000000e+02
4.510000000000000000e+02
0.000000000000000000e+00
1.000000000000000000e+00
3.960000000000000000e+02
1.320000000000000000e+02
2.000000000000000000e+00
1.900000000000000000e+01
4.640000000000000000e+02
0.000000000000000000e+00
3.920000000000000000e+02
2.210000000000000000e+02
7.000000000000000000e+00
2.000000000000000000e+00
8.630000000000000000e+02
1.800000000000000000e+01
2.600000000000000000e+02
5.000000000000000000e+01
1.280000000000000000e+02
8.360000000000000000e+02
4.000000000000000000e+00
1.900000000000000000e+01
1.000000000000000000e+00
4.150000000000000000e+02
3.840000000000000000e+02
4.900000000000000000e+01
1.000000000000000000e+00
2.900000000000000000e+01
1.500000000000000000e+01
1.370000000000000000e+02
3.500000000000000000e+01
1.000000000000000000e+00
3.980000000000000000e+02
3.470000000000000000e+02
2.000000000000000000e+00
4.000000000000000000e+00
7.100000000000000000e+01
2.700000000000000000e+01
8.800000000000000000e+01
5.390000000000000000e+02
3.800000000000000000e+01
5.300000000000000000e+01
4.500000000000000000e+01
1.380000000000000000e+02
1.590000000000000000e+02
8.000000000000000000e+00
1.380000000000000000e+02
7.500000000000000000e+01
2.250000000000000000e+02
7.340000000000000000e+02
8.600000000000000000e+01
9.060000000000000000e+02
1.830000000000000000e+02
3.900000000000000000e+01
1.000000000000000000e+00
1.020000000000000000e+02
1.160000000000000000e+02
1.270000000000000000e+02
8.940000000000000000e+02
1.064000000000000000e+03
6.000000000000000000e+00
4.920000000000000000e+02
9.200000000000000000e+01
5.000000000000000000e+01
1.400000000000000000e+01
2.890000000000000000e+02
7.040000000000000000e+02
5.160000000000000000e+02
5.750000000000000000e+02
1.000000000000000000e+00
1.300000000000000000e+01
6.000000000000000000e+00
2.620000000000000000e+02
0.000000000000000000e+00
0.000000000000000000e+00
5.560000000000000000e+02
9.400000000000000000e+01
1.890000000000000000e+02
1.890000000000000000e+02
1.200000000000000000e+01
2.920000000000000000e+02
2.600000000000000000e+01
3.830000000000000000e+02
7.000000000000000000e+00
1.094000000000000000e+03
1.730000000000000000e+02
6.500000000000000000e+01
1.540000000000000000e+02
2.000000000000000000e+00
1.300000000000000000e+01
1.860000000000000000e+02
6.200000000000000000e+01
6.950000000000000000e+02
3.110000000000000000e+02
1.810000000000000000e+02
2.980000000000000000e+02
2.000000000000000000e+00
4.030000000000000000e+02
1.600000000000000000e+01
1.000000000000000000e+00
9.000000000000000000e+00
2.000000000000000000e+01
4.000000000000000000e+00
5.000000000000000000e+00
2.600000000000000000e+01
5.130000000000000000e+02
2.400000000000000000e+01
1.920000000000000000e+02
0.000000000000000000e+00
7.100000000000000000e+01
8.520000000000000000e+02
2.830000000000000000e+02
9.220000000000000000e+02
2.265000000000000000e+03
9.100000000000000000e+01
3.200000000000000000e+01
1.800000000000000000e+01
1.000000000000000000e+00
2.300000000000000000e+01
5.000000000000000000e+00
5.900000000000000000e+01
2.800000000000000000e+01
1.047000000000000000e+03
1.160000000000000000e+02
2.430000000000000000e+02
1.000000000000000000e+01
1.072000000000000000e+03
3.800000000000000000e+01
0.000000000000000000e+00
2.000000000000000000e+00
2.000000000000000000e+01
0.000000000000000000e+00
2.400000000000000000e+01
2.000000000000000000e+00
9.000000000000000000e+00
1.920000000000000000e+02
1.320000000000000000e+02
7.400000000000000000e+01
3.600000000000000000e+01
8.000000000000000000e+00
4.280000000000000000e+02
1.570000000000000000e+02
0.000000000000000000e+00
9.800000000000000000e+01
5.500000000000000000e+02
5.300000000000000000e+01
0.000000000000000000e+00
8.400000000000000000e+01
1.740000000000000000e+02
3.100000000000000000e+01
5.000000000000000000e+00
3.370000000000000000e+02
5.300000000000000000e+01
1.300000000000000000e+01
1.900000000000000000e+01
2.790000000000000000e+02
7.400000000000000000e+02
2.200000000000000000e+01
7.520000000000000000e+02
1.160000000000000000e+02
1.200000000000000000e+01
0.000000000000000000e+00
2.310000000000000000e+02
2.000000000000000000e+01
2.440000000000000000e+02
2.150000000000000000e+02
1.000000000000000000e+00
9.000000000000000000e+00
1.344000000000000000e+03
1.240000000000000000e+02
7.000000000000000000e+00
8.950000000000000000e+02
3.780000000000000000e+02
1.600000000000000000e+02
4.690000000000000000e+02
8.400000000000000000e+02
1.470000000000000000e+02
2.890000000000000000e+02
0.000000000000000000e+00
1.300000000000000000e+01
9.200000000000000000e+01
7.200000000000000000e+01
1.350000000000000000e+02
3.450000000000000000e+02
6.300000000000000000e+01
3.460000000000000000e+02
0.000000000000000000e+00
2.000000000000000000e+00
8.080000000000000000e+02
1.340000000000000000e+02
4.260000000000000000e+02
7.100000000000000000e+01
8.000000000000000000e+00
4.640000000000000000e+02
1.204000000000000000e+03
7.000000000000000000e+01
9.570000000000000000e+02
1.000000000000000000e+00
4.900000000000000000e+02
1.800000000000000000e+01
1.600000000000000000e+01
1.677000000000000000e+03
4.070000000000000000e+02
1.400000000000000000e+01
4.670000000000000000e+02
3.000000000000000000e+00
1.700000000000000000e+01
7.700000000000000000e+01
6.900000000000000000e+01
9.000000000000000000e+00
1.096000000000000000e+03
1.319000000000000000e+03
1.100000000000000000e+01
8.710000000000000000e+02
5.600000000000000000e+01
2.000000000000000000e+00
0.000000000000000000e+00
1.340000000000000000e+02
7.400000000000000000e+01
2.000000000000000000e+00
3.000000000000000000e+00
3.000000000000000000e+00
8.500000000000000000e+01
8.800000000000000000e+02
1.000000000000000000e+03
4.390000000000000000e+02
0.000000000000000000e+00
0.000000000000000000e+00
1.000000000000000000e+00
2.037000000000000000e+03
1.800000000000000000e+01
1.960000000000000000e+02
8.760000000000000000e+02
2.000000000000000000e+00
0.000000000000000000e+00
3.000000000000000000e+00
0.000000000000000000e+00
1.700000000000000000e+01
5.970000000000000000e+02
1.318000000000000000e+03
1.300000000000000000e+01
1.000000000000000000e+00
6.230000000000000000e+02
1.000000000000000000e+00
4.700000000000000000e+01
1.300000000000000000e+01
6.000000000000000000e+00
0.000000000000000000e+00
1.990000000000000000e+02
2.400000000000000000e+01
0.000000000000000000e+00
3.800000000000000000e+02
4.590000000000000000e+02
8.000000000000000000e+00
2.400000000000000000e+01
4.020000000000000000e+02
1.050000000000000000e+02
1.040000000000000000e+02
2.900000000000000000e+02
0.000000000000000000e+00
3.000000000000000000e+00
1.000000000000000000e+00
8.200000000000000000e+01
1.900000000000000000e+01
0.000000000000000000e+00
0.000000000000000000e+00
2.020000000000000000e+02
4.920000000000000000e+02
3.120000000000000000e+02
1.730000000000000000e+02
5.880000000000000000e+02
3.000000000000000000e+01
9.000000000000000000e+00
1.040000000000000000e+02
1.000000000000000000e+00
9.900000000000000000e+01
1.700000000000000000e+01
2.100000000000000000e+02
1.677000000000000000e+03
7.000000000000000000e+00
7.900000000000000000e+01
2.600000000000000000e+01
1.000000000000000000e+00
2.200000000000000000e+01
9.000000000000000000e+00
0.000000000000000000e+00
4.900000000000000000e+02
1.240000000000000000e+02
0.000000000000000000e+00
8.400000000000000000e+01
1.900000000000000000e+01
2.000000000000000000e+01
1.490000000000000000e+02
8.500000000000000000e+01
1.160000000000000000e+02
8.000000000000000000e+00
5.300000000000000000e+01
5.970000000000000000e+02
1.000000000000000000e+00
4.470000000000000000e+02
1.550000000000000000e+02
8.000000000000000000e+00
1.200000000000000000e+01
1.240000000000000000e+02
2.540000000000000000e+02
0.000000000000000000e+00
3.900000000000000000e+01
1.000000000000000000e+00
3.020000000000000000e+02
3.500000000000000000e+01
3.560000000000000000e+02
7.000000000000000000e+01
5.400000000000000000e+01
2.730000000000000000e+02
4.440000000000000000e+02
1.600000000000000000e+01
9.000000000000000000e+01
1.590000000000000000e+02
0.000000000000000000e+00
1.200000000000000000e+01
4.000000000000000000e+00
3.600000000000000000e+01
9.600000000000000000e+01
8.000000000000000000e+00
2.360000000000000000e+02
2.020000000000000000e+02
1.740000000000000000e+02
0.000000000000000000e+00
4.550000000000000000e+02
1.006000000000000000e+03
1.450000000000000000e+02
2.000000000000000000e+00
1.990000000000000000e+02
2.000000000000000000e+00
0.000000000000000000e+00
7.000000000000000000e+00
1.000000000000000000e+00
0.000000000000000000e+00
3.200000000000000000e+01
1.400000000000000000e+01
5.050000000000000000e+02
1.920000000000000000e+02
2.000000000000000000e+00
5.660000000000000000e+02
1.290000000000000000e+02
0.000000000000000000e+00
4.700000000000000000e+01
1.970000000000000000e+02
6.700000000000000000e+01
2.400000000000000000e+01
8.000000000000000000e+01
7.000000000000000000e+00
1.410000000000000000e+02
6.600000000000000000e+01
6.900000000000000000e+01
2.600000000000000000e+01
7.860000000000000000e+02
2.200000000000000000e+02
1.340000000000000000e+02
4.800000000000000000e+01
4.020000000000000000e+02
7.820000000000000000e+02
1.100000000000000000e+02
5.540000000000000000e+02
3.000000000000000000e+00
3.000000000000000000e+00
1.800000000000000000e+01
